0000000000000000000000000002100000011000000010000000000000000000, 5, 3
0000000000000000000000000011100000012000000000000000000000000000, 2, 2
0000000000000000000000100002210000011000000010000000000000000000, 4, 6
0000000000000000000000100002210000011100000020000000200000000000, 6, 3
0000000000000000000001000002111000022000000210000000000000000000, 7, 3
0000000000000000000001000002120000011000000010000000000000000000, 3, 5
0000000000000000000011000002122200021000000210000000000000000000, 5, 1
0000000000000000000100000001100000012000000000000000000000000000, 2, 2
0000000000000000001000100001222000011200000020000000200000000000, 2, 3
0000000000000000001010100022122000021200000020000000200000000000, 4, 1
0000000000000000002000000012100000011000000010000000000000000000, 1, 3
0000000000000000002000000012100000011100000000000000000000000000, 1, 3
0000000000000000002100000002100000011000000010000000000000000000, 3, 1
0000000000000000002100000011100000012000000000000000000000000000, 4, 2
0000000000000000002100000221100000011100000000000000000000000000, 5, 3
0000000000000000002110000222120000011100000000000000000000000000, 3, 1
0000000000000000002220000011200000011100000000000000000000000000, 1, 3
0000000000000000012000000212100000011000000010000000000000000000, 1, 1
0000000000000200000022100002112200021000000210000000000000000000, 7, 2
0000000000001000002210000222100000011100000000000000000000000000, 5, 0
0000000000002000001020100022221000022210000020000000200000000000, 7, 2
0000020000002000011110000212100000011100000000000000000000000000, 4, 5
0001000000010000002100000001100000011000000010000000000000000000, 4, 0
0001000000010000002120000221120000011100000000000000000000000000, 2, 0
0001110000020000002100000001100000011000000010000000000000000000, 3, 5
0001110000020000002200000011100000011000000210000000000000000000, 5, 5
1000000001000000021000000122220010011000000010000000000000000000, 3, 5
1000000001000000021000000211100000011000000010000000000000000000, 5, 3
